533
0.11250
0.35773
4.20
True
False
False
2
0
0
45.4
2
553
0.22917
0.72870
3.82
True
False
False
2
0.3
0
36.8
2
395
0.3125
0.99369
3.30
True
False
False
2
0.3
0
42.3
2
395
0.395833
1.25867
3.12
True
False
False
2
0
0
45.6
2
545
0.51083
1.62435
2.89
True
False
False
2
0
0
42.3
2
529
0.6225
1.97942
2.47
True
False
False
2
0
0
35.5
0.3
446
0.71667
2.27885
2.04
True
False
False
2
0
0
35.9
0.26
434
0.80833
2.57033
1.68
True
False
False
2
0
0
48.7
2
565
0.9275
2.94926
1.45
True
False
False
2
0
0
40.4
2
577
1.04917
3.33613
1.03
False
False
False
2
0
0
38.2
2
217
1.095
3.48188
0.58
False
False
False
2
0
0
27.4
1.95
0
1.095
3.48188
0.1
False
False
False
2
0
0
39.7
2
150
1.0991
3.49513
0.1
True
False
False
2
0
0
45.8
2
533
1.2075
3.83961
3.4
True
False
False
2
0
0
24.6
2
545
1.3225
4.20528
3.0
True
False
False
2
0
0.4
48.2
2
427
1.4125
4.4915
2.8
True
False
False
2
0
0.4
32.4
2
411
1.49917
4.76705
2.5
True
False
False
2
0
0
41.3
2
510
1.60667
5.10887
2.2
True
False
False
2
0
0
44.4
2
529
1.71833
5.46395
1.8
True
False
True
1.76
0
0
23.3
2
209
1.7625
5.604392808324557
1.5
True
False
True
.88
0
0
27.7
2
0
1.7625
5.604392808324557
1.4
True
False
True
.01
0
0
10.4
2
0
1.7625
5.604392808324557
1.4
True
False
False
2
0
0
17.5
2
399
1.8658333333333332
5.932971866590394
1.4
True
False
False
2
0
0
22.1
2
577
1.9874999999999998
6.319847209387267
1.02
True
False
False
4
0
0
46
2
411
2.0741666666666667
6.595429645352162
.5
True
False
False
2
0
0
57
2
419
2.1625
6.876311743547152
.12
True
False
False
4
0
0
43
2
537
2.2758333333333334
7.236688775193554
10
True
False
False
4
0
0
32.0
2
545
2.3908333333333336
7.602365469070049
9.48
True
True
False
-1.79
0
0
39.
2
589
2.515
7.9971903052120625
9.11
True
True
False
-1.5
0
0
21.4
2
573
2.6358333333333333
8.381415816893888
8.78
True
True
False
-1.4
0
0
10.3
2
496
2.7408333333333332
8.71529453738982
8.44
True
False
False
2
0
0
2.3
2
514
2.8491666666666666
9.05977258234594
7.88
True
False
False
2
0
0
0.7
.46
375
2.9283333333333332
9.311506538275411
7.55
True
False
False
2
0
0
0.0
1.1
359
3.0041666666666664
9.552641169744694
7.38
True
False
False
2
0
0
45.3
2
486
3.1066666666666665
9.878570396895483
7.21
True
False
False
2
0
0
46.1
2
510
3.2141666666666664
10.220398610736556
6.969
True
True
False
1.65
0
0
15.7
2
379
3.2941666666666665
10.474782397781075
6.52
True
True
False
1.23
0
0
35.2
2
371
3.3724999999999996
10.7238665225955
6.18
True
True
False
2
0
0
45.6
2
486
3.4749999999999996
11.04979574974629
5.76
True
False
False
2
0
0
48.5
2